5.190783349063077701e+00 5.447696117309624775e+00 6.091651630619186797e+00 6.732559170063757925e+00 7.292079065979592656e+00 7.828940411365487684e+00 8.399091780060008006e+00 8.974134626901937750e+00 5.239338024610884492e-01 5.420661918404665602e-01 5.946082243876275042e-01 6.481003367688358274e-01 7.060178352090227261e-01 7.595208821087402473e-01 8.163342203406509512e-01 8.864881374702138217e-01
1.394220387393180216e-02 6.969684535452612233e-03 1.220275273611698408e-02 9.616407288214751103e-02 2.917961219255316707e-01 3.742479172738077953e-01 2.403879460181112815e-01 1.701723392695147011e-02 4.919135889281861518e-02 3.899957193890913471e-02 3.579335728036094760e-02 2.275744033507582156e-02 1.558897454530477553e-02 2.270780578336123109e-02 3.276671252124500888e-02 5.615112741051355577e-02
3.140520837561732170e-01 4.514986203309599433e-01 4.629554908199380869e-01 1.817975052080728071e-01 2.821581317567699032e-01 4.686841002348168250e-01 3.680307147248330080e-01 2.152155910224161639e-01 1.817214441910742773e-01 1.092849133534104511e-01 1.309826628051374287e-01 2.469424532318100773e-01 2.260287856595977751e-01 1.920325418270840412e-01 2.504049331467085304e-01 3.285521658679653734e-01
1.275772073956550068e-01 1.584642603382390713e-01 4.482085833098103933e-01 1.243984996686991140e+00 1.251044426612367699e+00 1.311088959689433731e-01 7.804743830928261364e-03 2.939430152599007036e-03 3.834404433637546988e-02 2.497118963124051946e-02 3.216726739008235469e-02 6.912645253739556350e-02 8.982147180360884609e-02 3.547929696246925058e-02 1.727096645602985495e-02 1.058127177825462367e-02
1.712393586777940513e+00 2.371111736516235524e+00 2.628071353281233868e+00 8.563924504457505193e-01 7.204728437972205898e-03 1.031431153317931455e-03 1.000000000005027683e-03 1.000000000005027683e-03 2.141066104127969938e-01 2.313531590311393715e-01 2.318944569465481997e-01 4.377055184942809651e-01 4.063983866784395826e-01 3.045849565960797034e-01 2.820357608460081211e-01 2.856646539514636762e-01
4.139452135786182430e-01 8.050782785021241839e-02 7.267467545512173999e-02 3.752881548993330929e-01 2.118624464707946853e+00 4.781368711314875064e+00 5.968997877234332172e+00 6.112805895991746397e+00 9.504282612222124393e-02 3.322512178356336332e-02 1.411630524812844054e-02 9.686603795938907024e-03 5.697757275480133665e-02 2.300393494333002053e-01 4.368819510425881458e-01 4.726275103208926742e-01
1.275505850815522368e+00 1.525821535565158538e+00 1.437528574197516118e+00 7.505307503341844544e-02 1.941701669414133170e-03 1.180434928490535496e-03 1.019942941174013752e-03 1.000000000005027683e-03 1.311619017197337145e-01 1.482456111295139822e-01 2.535778808861117173e-01 5.988692949923234421e-01 5.544165115634652752e-01 6.126263559477042042e-01 5.809455765048766596e-01 4.603694200150495464e-01
9.560759179522264617e-01 1.001160178793560895e+00 1.098975696099697696e+00 1.149419926046815643e+00 7.581079775768146956e-01 1.940708411860399274e-01 1.136099596956729602e-01 8.026022278541805610e-02 7.312758396393592708e-02 7.572756243332895432e-02 8.662595719341560641e-02 1.118014130284278040e-01 2.348257633808598088e-01 3.761904990142751481e-01 3.885277937685451821e-01 4.033645169435297051e-01
1.302628591140329917e+00 6.287072727083042878e-01 1.072329233922319769e-01 1.211310888448720591e-01 6.436627693191673272e-01 2.977735347054950132e+00 5.242376259184863940e+00 4.045001006362020313e+00 1.256596748012281939e-01 7.922599418042761132e-02 3.220104082128835699e-02 1.431766655534883782e-02 2.140791074257201304e-02 1.384178831191734682e-01 4.177823401675763715e-01 4.144318851136122861e-01
7.017042497633877440e-01 1.034802121361681149e+00 1.357822782169277431e+00 1.586748326111913965e+00 1.800292880956748220e+00 1.869176037637700627e-01 2.951030052644157582e-03 1.033168487944609304e-03 2.933165788215495728e-02 4.726893833498342634e-02 6.401545929883654951e-02 7.444526969482781475e-02 1.465958928419963947e-01 4.342096726973134202e-01 3.157367976771755513e-01 2.424381800594359315e-01
8.809664787586589663e-01 5.259263322129512641e-01 3.888510446118265684e-01 1.740374445929023794e-01 4.262128385602962505e-02 2.169925576931109115e-02 2.251383993929307464e-02 2.052873015758824651e-02 1.122916239960060070e-01 1.257474204649881022e-01 1.352700599652473801e-01 1.559570364266561759e-01 1.667816482686134416e-01 1.623543936260023468e-01 1.586997354565789220e-01 1.620520335009709156e-01
1.693011661773134724e-02 1.087014466029320725e-02 4.931589735280091091e-02 2.697430692671857200e-01 6.285820924629467177e-01 8.180928384125496500e-01 6.682659098186709556e-01 3.101476905267210871e-01 5.606657894402370876e-03 5.432858371152864130e-03 4.932164443849939607e-03 8.313934307290545694e-03 1.491059794150562459e-02 1.809910419433281500e-02 1.877859220375477714e-02 1.555181622791879797e-02
2.765189708520280343e-01 1.937945937973013510e-01 6.302093554051929614e-01 2.308926312854060470e+00 2.986882567271415656e+00 1.721667077876443352e+00 1.199365796555533992e+00 1.324127581610615445e-01 1.750931315047859343e-02 1.008289345481524872e-02 2.450894138421046836e-02 8.499407698118752186e-02 1.526418152740683931e-01 1.048998791215143417e-01 9.928325575021471061e-02 4.020780885978874480e-02
1.685055767867010168e+00 2.628435285842979141e+00 8.407510556223345422e-01 5.745512609743769206e-02 2.699910975799127769e-02 4.096633835415211533e-02 5.068766918655073089e-02 3.694315456518183077e-02 6.345339216574830132e-02 1.094901295791623208e-01 1.394154302440681614e-01 6.865768113116456350e-02 5.100890425929729965e-02 4.182662630045057284e-02 3.693557665807126189e-02 3.479244076232938104e-02
3.599371394899476828e-02 2.317550615790092694e-02 1.710387594183262333e-02 8.051416982874187722e-02 2.787611067730573766e-01 3.726213370812287984e-01 2.604422276551707771e-01 2.040570367510695024e-02 9.884740263455971121e-02 9.952278723489409173e-02 1.034508342396290026e-01 8.091608948180620264e-02 4.712218619747178538e-02 4.489173836230785780e-02 7.465829013855107554e-02 1.264139648234801905e-01
1.425864591942290205e-01 4.065523006386320692e-02 2.412041686706935945e-02 1.665603298925342340e-02 1.091362993512096438e-02 7.781393347371849331e-03 6.521062386315041801e-03 6.382048523215748045e-03 3.621148770443993192e-01 4.456518677551080665e-01 4.832817376269433751e-01 5.168764252511164337e-01 5.458592366104459970e-01 5.868939063993289240e-01 6.432519852108864455e-01 7.108612206281622603e-01
5.375478549774642678e-01 6.844542796213668456e-01 8.352831691762376831e-01 1.372938595958113073e+00 1.906162998010826115e+00 2.646716882686046546e-01 2.758532252822192693e-02 1.798092410908666561e-02 5.259868507529819742e-02 5.180772357946673151e-02 5.301274485279178911e-02 7.474141816841160801e-02 1.275175419790173237e-01 5.457047966695132563e-02 2.471093614306696384e-02 1.893642950333709538e-02
9.568858735898950751e-01 8.289710625234683050e-01 8.109793327643657346e-01 7.717222717059820658e-01 7.230085396773534567e-01 7.096626890660888698e-01 7.290278270070877920e-01 7.576798896383123427e-01 6.412372897243827363e-02 5.483112662877089732e-02 5.253587692106957002e-02 4.972070100562814288e-02 4.662053424911784955e-02 4.628275379844281473e-02 4.656864155760465085e-02 4.925897150687868348e-02
5.784055607588252101e-01 5.150710292454542261e-01 4.943718811585895989e-01 4.449574610120256013e-01 2.659727698563415510e-01 1.107749225549107125e-01 6.225895634254736966e-02 4.341887103658007008e-02 3.568848645182225165e-02 3.363412338161698989e-02 3.576720176339222984e-02 4.113966037356642930e-02 5.602599033592887967e-02 7.390704343912953000e-02 7.959853093615315567e-02 8.318587465358223687e-02
1.027171389597415496e+00 8.490621240157165683e-01 7.398655912554112923e-01 6.206737863787525900e-01 4.406649036285101850e-01 3.045066289783010527e-01 2.449612434920445947e-01 2.127759451501320953e-01 2.121582954901649401e-02 2.180832430254205784e-02 2.454203479226044898e-02 2.969945242054258458e-02 3.737160332473365987e-02 4.349729084233411314e-02 4.497983405545905727e-02 4.671120930372951729e-02
1.694587080219623232e+00 1.765390698909158562e+00 8.737293456284536131e-01 5.503866317276377984e-01 6.866594621026205214e-01 1.518855846784957109e+00 2.136395041903599967e+00 1.723182323785120929e+00 1.166542644301461623e-01 1.346197734944868385e-01 1.032383607802796338e-01 6.271493662701160821e-02 6.076364324940497497e-02 9.711767397786755240e-02 1.406729123916179713e-01 1.384512960549204585e-01
1.817778645324944764e-01 1.291387142357257600e-01 2.977464420224070207e-01 7.208183783946954248e-01 1.632789863972726740e+00 2.711459047711029857e+00 2.944321660639159344e+00 2.359951028752079516e+00 3.540904442074215008e-02 1.539777912104101955e-02 1.374185659200286361e-02 2.447088178240796469e-02 6.194332323629016257e-02 1.372232943108140646e-01 1.922007931006433634e-01 1.930885313393846947e-01
1.049835653497245946e+00 7.733009621986176585e-01 1.604487632377779027e-01 4.113270524729438493e-02 1.952919999050474753e-01 8.495432241674311102e-01 1.273032612464861435e+00 9.586088772899762356e-01 8.620305786568013828e-02 7.997773873505840958e-02 1.284650553443739129e-01 1.158915585410125321e-01 9.335955514683798306e-02 9.593573411531430839e-02 1.101547321270916480e-01 1.169877186258854035e-01
6.827401154311826259e-01 8.497250885334226567e-01 1.717049313209377370e+00 2.764367101836713303e+00 2.641802345514997263e+00 1.784057633057048453e-01 7.233232530291212881e-03 3.151311894981649077e-03 3.020377753821900865e-02 3.482199444601438015e-02 7.404977263169552903e-02 1.465737929448423515e-01 2.658476469744187054e-01 1.519849143443491313e-01 8.665654874104911087e-02 6.601900516380036776e-02
6.344176881638869947e-01 3.889389597124126574e-01 3.034524341917270718e-01 1.624006220074573625e-01 5.230863769666685426e-02 2.994144242027229133e-02 2.963177623543537115e-02 2.700859095422179432e-02 6.915932268648121439e-02 6.824590665146124113e-02 7.042532165445480885e-02 8.576030962488381815e-02 1.018605040364802677e-01 1.018912257142483568e-01 9.972070008099226390e-02 1.019132580065430504e-01
2.291066498041271493e-01 1.903397197571448374e-01 2.321141172206837300e-01 4.413996073916634511e-01 7.616063042671477046e-01 9.377305904073378606e-01 8.147191016474653047e-01 5.069229896149243242e-01 1.123462150986849831e-02 8.438274529768776538e-03 7.074718796389130662e-03 5.274179920843854660e-03 2.420969497044394604e-03 2.718819183191376922e-03 4.720675333989256088e-03 8.523641762652993045e-03
